chromosome	position	GC.percent	good.reads	adjusted.ratio	F	mutation	CNn	CNt	Mt	LPP
chr1	23794147	74	51	0.967348494210945	0.118	A>G	2	2	1	-18.7927065894576
chr1	44992138	50	93	0.967348494210945	0.269	C>T	2	2	1	-10.5360228407246
chr1	56788996	57	89	0.973467033150653	0.292	G>C	2	2	1	-10.4108425136667
chr1	59457034	34	139	0.973467033150653	0.266	A>G	2	2	1	-10.5360228407246
chr1	70121854	43	80	0.973467033150653	0.25	A>G	2	2	1	-10.8611977504944
chr1	152086443	55	88	1.48320128583865	0.159	C>G	2	4	1	-10.4063257683058
chr1	153261030	81	46	1.48320128583865	0.13	C>T	2	4	1	-11.2116643333655
chr1	155322837	82	104	1.48320128583865	0.221	C>G	2	4	1	-10.6790904251057
chr1	155322864	75	106	1.48320128583865	0.17	C>T	2	4	1	-10.2880129313125
chr1	158700017	42	120	1.48320128583865	0.208	C>A	2	4	1	-10.4782052064206
chr1	161238132	46	49	1.48320128583865	0.204	C>G	2	4	1	-10.3364187855773
chr1	181511457	47	149	1.48320128583865	0.168	C>T	2	4	1	-10.2880129313125
chr1	211207570	45	86	1.48320128583865	0.186	G>A	2	4	1	-10.2558450489019
chr1	222476700	58	112	1.48320128583865	0.33	G>T	2	4	2	-10.7962168186578
chr1	226402199	54	84	1.48320128583865	0.155	C>T	2	4	1	-10.4063257683058
chr1	240207698	79	49	1.48320128583865	0.102	A>G	2	4	1	-12.7918240544767
chr2	10122804	71	93	0.969516218138777	0.215	C>G	2	2	1	-11.7463541287613
chr2	55317298	38	80	0.969516218138777	0.275	C>T	2	2	1	-10.4489903562239
chr2	81198515	36	75	0.969516218138777	0.2	C>T	2	2	1	-12.6198188318756
chr2	106806825	59	54	0.694357700494474	0.315	C>T	2	1	1	-12.4680971248948
chr2	131329945	52	56	0.694357700494474	0.321	C>T	2	1	1	-12.4680971248948
chr2	142985990	40	136	0.97815627343189	0.338	C>T	2	2	1	-10.9212613728036
chr2	167715663	45	211	0.97815627343189	0.256	C>G	2	2	1	-10.673028621452
chr2	181678411	51	84	0.97815627343189	0.226	G>A	2	2	1	-11.3963619644733
chr2	227247572	49	127	0.97815627343189	0.268	G>C	2	2	1	-10.5360228407246
chr3	44581011	59	103	0.970308149614156	0.262	C>G	2	2	1	-10.673028621452
chr3	56663573	20	65	0.970308149614156	0.138	C>G	2	2	1	-16.7959132363465
chr3	119393574	48	144	0.978539691540286	0.264	G>C	2	2	1	-10.673028621452
chr3	123961287	75	46	0.978539691540286	0.348	G>A	2	2	1	-11.1581771387391
chr3	129478252	51	71	0.978539691540286	0.239	A>T	2	2	1	-11.1018328194401
chr3	129515593	60	59	0.978539691540286	0.356	T>C	2	2	1	-11.438531253772
chr3	130744991	30	68	0.978539691540286	0.191	G>A	2	2	1	-13.1473132665216
chr3	142093074	36	93	0.978539691540286	0.247	G>A	2	2	1	-10.8611977504944
chr3	143120944	78	79	0.978539691540286	0.342	C>T	2	2	1	-10.9212613728036
chr3	170129502	36	46	0.978539691540286	0.239	G>A	2	2	1	-11.1018328194401
chr4	25003563	55	84	0.98165491227778	0.179	G>A	2	2	1	-13.7476172044947
chr5	471782	55	117	1.23784117318348	0.214	C>T	2	3	1	-10.3935209974727
chr5	24505174	39	123	1.23784117318348	0.163	G>A	2	3	1	-11.6141950351153
chr5	64695634	45	75	1.23763725457599	0.227	C>G	2	3	1	-10.3354608328881
chr5	65297193	39	81	1.23763725457599	0.259	C>T	2	3	1	-10.6607999183764
chr5	65733577	57	67	1.23763725457599	0.224	G>A	2	3	1	-10.3358955210063
chr5	72197326	55	62	1.23763725457599	0.274	C>G	2	3	1	-10.8733516138189
chr5	87389364	23	103	0.973860962428149	0.32	C>G	2	2	1	-10.5801487183432
chr5	95530268	26	63	0.973860962428149	0.492	G>A	2	2	2	-12.531726515344
chr5	111098759	41	118	0.973860962428149	0.534	A>G	2	2	2	-11.2343793296534
chr5	140788055	65	102	1.22692932337135	0.196	C>A	2	3	1	-10.5102452717808
chr5	140862812	55	63	1.22692932337135	0.381	C>G	2	3	2	-11.642894081553
chr5	141174891	67	366	1.22692932337135	0.115	G>A	2	3	1	-13.8866732200039
chr5	157739428	53	47	1.22692932337135	0.149	C>T	2	3	1	-12.0634776467235
chr6	15524184	69	73	0.977303331588068	0.247	G>A	2	2	1	-10.8611977504944
chr6	33781232	42	83	0.977303331588068	0.337	C>G	2	2	1	-10.9212613728036
chr6	42105205	57	49	0.977303331588068	0.122	C>G	2	2	1	-18.7927065894576
chr6	71887164	49	101	0.976219737267746	0.317	G>A	2	2	1	-10.5801487183432
chr6	112253771	36	128	0.976219737267746	0.281	C>T	2	2	1	-10.4489903562239
chr8	17721823	53	87	0.980435117600724	0.287	G>C	2	2	1	-10.4200886300145
chr8	17755507	27	109	0.980435117600724	0.229	A>T	2	2	1	-11.4056080808211
chr8	30350012	45	85	0.980435117600724	0.2	G>C	2	2	1	-12.6290649482233
chr8	142912649	59	124	0.985548225364241	0.242	G>A	2	2	1	-11.1110789357878
chr9	5832756	70	42	0.962478687172501	0.19	G>A	2	2	1	-13.1473132665216
chr9	21077593	33	53	0.962478687172501	0.264	G>A	2	2	1	-10.673028621452
chr9	101390666	40	97	0.963910790623946	0.216	C>G	2	2	1	-11.7463541287613
chr9	133568737	70	78	0.963910790623946	0.308	G>T	2	2	1	-10.4772968736683
chr10	46302775	29	112	0.700683007288031	0.375	G>T	2	1	1	-10.7631669572044
chr10	73655882	71	72	0.964485108136038	0.347	C>T	2	2	1	-11.1581771387391
chr10	96527273	27	110	0.947593585221648	0.245	G>C	2	2	1	-11.1018328194401
chr11	6240405	72	40	0.96904120808606	0.225	C>T	2	2	1	-11.7463541287613
chr11	123977035	66	56	0.699869648232939	0.357	G>A	2	1	1	-11.1583170878679
chr12	329070	41	181	0.93	0.254	A>C	2	2	1	-10.8915724273213
chr12	24584056	54	62	0.97639897747749	0.435	G>A	2	2	2	-15.0462851590286
chr12	51299252	42	77	0.971716414790804	0.325	C>G	2	2	1	-10.5801487183432
chr12	111452793	46	87	0.971716414790804	0.241	C>T	2	2	1	-11.1018328194401
chr12	119523046	53	61	0.971716414790804	0.213	G>T	2	2	1	-12.1535370813976
chr13	32275000	52	194	0.981188161529264	0.304	C>T	2	2	1	-10.4298285811077
chr13	51369164	51	166	0.981188161529264	0.319	G>A	2	2	1	-10.5893948346909
chr13	112824413	60	120	0.981188161529264	0.2	C>G	2	2	1	-12.6290649482233
chr14	102362883	78	55	0.977039794885577	0.291	G>A	2	2	1	-10.4108425136667
chr15	23439955	66	45	0.971353061690209	0.111	T>C	2	2	1	-19.9252138629293
chr15	51860473	50	93	0.967325469569398	0.204	G>A	2	2	1	-12.6198188318756
chr15	77986959	66	106	0.967325469569398	0.236	G>A	2	2	1	-11.1018328194401
chr15	85543888	64	48	0.967325469569398	0.292	G>T	2	2	1	-10.4108425136667
chr15	101849104	57	88	0.967325469569398	0.33	C>G	2	2	1	-10.728371021106
chr16	728439	80	94	1.23641336422545	0.223	G>A	2	3	1	-10.3358955210063
chr16	3029315	57	87	1.23641336422545	0.115	C>T	2	3	1	-13.8866732200039
chr16	19601621	37	42	1.23641336422545	0.238	C>T	2	3	1	-10.3904891640247
chr16	21852057	35	132	1.23641336422545	0.235	G>T	2	3	1	-10.3904891640247
chr16	68822227	54	55	0.689955640651155	0.436	T>C	2	1	1	-10.5739457784715
chr17	10401009	27	206	0.957890763934885	0.306	G>T	2	2	1	-10.4772968736683
chr17	28592973	49	107	0.965390791093945	0.178	C>G	2	2	1	-13.738371088147
chr17	32487995	59	60	0.965390791093945	0.267	C>G	2	2	1	-10.5360228407246
chr17	58660826	52	69	0.965390791093945	0.348	G>A	2	2	1	-11.1581771387391
chr17	76291252	63	107	0.965390791093945	0.346	C>G	2	2	1	-11.1581771387391
chr17	82488108	63	45	0.965390791093945	0.222	C>T	2	2	1	-11.7463541287613
chr19	4284866	74	60	0.967177626923266	0.35	G>A	2	2	1	-11.1581771387391
chr19	7732106	62	41	0.967177626923266	0.341	G>A	2	2	1	-10.9212613728036
chr19	7899995	51	80	0.967177626923266	0.25	C>G	2	2	1	-10.8611977504944
chr19	21118189	48	45	0.967177626923266	0.311	C>T	2	2	1	-10.4772968736683
chr19	41981825	59	72	0.959052696712145	0.208	G>A	2	2	1	-12.1535370813976
chr19	51891706	30	44	0.959052696712145	0.341	C>T	2	2	1	-10.9212613728036
chr19	57205517	55	40	0.959052696712145	0.1	T>C	2	2	1	-21.1559058139888
chr20	9363004	35	65	0.972974255636971	0.108	C>T	2	2	1	-19.9252138629293
chr20	30919539	48	55	1.0086224035397	0.109	G>A	2	2	1	-19.934459979277
chr21	42580233	70	50	0.978588847715699	0.3	C>G	2	2	1	-10.42058246476
chr22	29354745	62	82	0.960429848638561	0.146	G>C	2	2	1	-15.9208385876677
chr22	31891178	44	42	0.960429848638561	0.31	C>G	2	2	1	-10.4772968736683
chr22	32498114	23	86	0.960429848638561	0.291	C>G	2	2	1	-10.4108425136667
chr22	36289280	51	48	0.960429848638561	0.292	C>G	2	2	1	-10.4108425136667
chr22	40777347	45	81	0.960429848638561	0.321	C>T	2	2	1	-10.5801487183432
chr22	43765307	30	45	0.960429848638561	0.267	C>G	2	2	1	-10.5360228407246
chrX	41347643	36	49	0.973930545643687	0.286	G>A	2	2	1	-10.4108425136667
chrX	48923180	62	41	0.973930545643687	0.39	C>T	2	2	1	-12.5351121168933
chrX	53576899	55	86	0.973930545643687	0.302	C>A	2	2	1	-10.42058246476
chrX	100888246	30	69	0.980052147769427	0.174	T>C	2	2	1	-14.395617491575
chrX	100888250	30	68	0.980052147769427	0.162	T>G	2	2	1	-15.1219984998896
chrX	108076210	54	53	0.980052147769427	0.321	G>A	2	2	1	-10.5801487183432
chrX	119089315	50	53	0.980052147769427	0.226	C>T	2	2	1	-11.3963619644733
