chromosome	position	GC.percent	good.reads	adjusted.ratio	F	mutation	CNn	CNt	Mt	LPP
chr1	44992138	45	99	0.976674870669824	0.111	C>T	2	2	1	-11.0804084012131
chr1	56788996	58	99	0.976674870669824	0.101	G>C	2	2	1	-11.5240947221414
chr1	59457034	31	151	0.976674870669824	0.159	A>G	2	2	1	-10.2122211888288
chr1	70121854	45	81	0.976674870669824	0.222	A>G	2	2	1	-11.558610598487
chr1	119948356	63	64	0.976674870669824	0.109	C>G	2	2	1	-11.0804084012131
chr1	152086443	49	83	1.29738110499025	0.133	C>G	2	4	1	-10.1519867669006
chr1	155322564	39	175	1.29738110499025	0.137	C>G	2	4	1	-10.3061374467278
chr1	155322837	82	101	1.29738110499025	0.158	C>G	2	4	1	-10.8517807550592
chr1	155322864	75	106	1.29738110499025	0.104	C>T	2	4	1	-10.2270139347935
chr1	158700017	41	122	1.29738110499025	0.139	C>A	2	4	1	-10.3061374467278
chr1	161238132	50	43	1.29738110499025	0.14	C>G	2	4	1	-10.3061374467278
chr1	181511457	51	144	1.29738110499025	0.118	C>T	2	4	1	-10.0833727550507
chr1	222476700	57	117	1.29738110499025	0.197	G>T	2	4	2	-10.7993739748847
chr2	10122804	74	96	0.995722911374939	0.125	C>G	2	2	1	-10.71506388711
chr2	55317298	37	75	0.995722911374939	0.12	C>T	2	2	1	-10.71506388711
chr2	106806825	74	80	0.848501450654277	0.113	C>T	2	1	1	-12.4309704644939
chr2	131329945	41	73	0.848501450654277	0.205	C>T	2	1	1	-10.306844261615
chr2	142985990	42	143	1.0077202626045	0.175	C>T	2	2	1	-10.3827621665858
chr2	167715663	45	211	1.0077202626045	0.128	C>G	2	2	1	-10.4609045066969
chr2	181678411	58	109	1.0077202626045	0.147	G>A	2	2	1	-10.2042127757133
chr3	44581011	59	107	0.99912657337706	0.14	C>G	2	2	1	-10.2922817942611
chr3	119393574	40	170	1.00803141997701	0.159	G>C	2	2	1	-10.1923783180663
chr3	129478252	41	91	1.00803141997701	0.154	A>T	2	2	1	-10.2042127757133
chr3	129515593	60	52	1.00803141997701	0.192	T>C	2	2	1	-10.5787099750915
chr3	133400350	77	74	1.00803141997701	0.108	G>A	2	2	1	-11.0605655304506
chr3	142093074	36	99	1.00803141997701	0.162	G>A	2	2	1	-10.1923783180663
chr3	143120944	78	68	1.00803141997701	0.221	C>T	2	2	1	-11.5387677277245
chr4	25003563	59	89	1.00026904308806	0.157	G>A	2	2	1	-10.1923783180663
chr4	49109558	40	41	0.96109287194001	0.122	T>C	2	2	1	-10.7349067578725
chr4	154612102	33	153	1.0166133239438	0.131	G>A	2	2	1	-10.4609045066969
chr4	190082082	79	70	0.967381414062873	0.114	C>T	2	2	1	-11.0804084012131
chr5	471782	61	116	1.16376928041319	0.172	C>T	2	3	1	-10.6222376270839
chr5	24505174	35	134	1.16376928041319	0.104	G>A	2	3	1	-10.6530128285667
chr5	49658933	42	47	0.941105862214537	0.149	A>T	2	2	1	-10.2835193104129
chr5	65733577	58	69	1.15290109274838	0.116	G>A	2	3	1	-10.2125316385873
chr5	72197326	56	77	1.02052486436728	0.13	C>G	2	2	1	-10.4806668905267
chr5	87389364	16	116	1.02052486436728	0.224	C>G	2	2	1	-11.5585301115544
chr5	95530268	26	89	1.02052486436728	0.236	G>A	2	2	2	-11.9119788477643
chr5	111098759	40	155	1.02052486436728	0.277	A>G	2	2	2	-10.7893338081639
chr5	140788055	65	104	1.15680886473803	0.144	C>A	2	3	1	-10.1384563200279
chr5	140856494	50	133	1.15680886473803	0.105	C>T	2	3	1	-10.6530128285667
chr5	140862812	60	47	1.15680886473803	0.255	C>G	2	3	2	-10.4322038665987
chr6	33781232	46	64	1.00332485362902	0.156	C>G	2	2	1	-10.1923783180663
chr6	71887164	49	106	1.00748918546077	0.151	G>A	2	2	1	-10.2042127757133
chr6	160739245	40	88	1.00748918546077	0.102	G>A	2	2	1	-11.504251851379
chr7	44533726	64	107	1.06331613790866	0.168	C>A	2	3	1	-10.6812307767546
chr8	17721823	54	104	1.01883989274917	0.106	G>C	2	2	1	-11.0605655304506
chr8	17755507	24	153	1.01883989274917	0.105	A>T	2	2	1	-11.504251851379
chr8	30350012	45	64	1.01883989274917	0.156	G>C	2	2	1	-10.1923783180663
chr8	142912649	58	155	1.0258554161927	0.155	G>A	2	2	1	-10.2121407018962
chr9	5832756	70	52	1.01038928946931	0.115	G>A	2	2	1	-10.71506388711
chr9	21077593	40	69	1.01038928946931	0.159	G>A	2	2	1	-10.1923783180663
chr9	101390666	38	123	0.993936729525836	0.154	C>G	2	2	1	-10.2042127757133
chr9	133568737	70	80	0.993936729525836	0.15	G>T	2	2	1	-10.2042127757133
chr10	46302775	29	116	0.937478174922834	0.164	G>T	2	2	1	-10.2716848527659
chr10	96527273	27	138	0.937478174922834	0.13	G>C	2	2	1	-10.5402110413964
chr11	6240405	78	52	0.972823726331892	0.154	C>T	2	2	1	-10.2240556464758
chr11	123977035	58	81	0.854600285250488	0.247	G>A	2	1	1	-11.4267058625532
chr12	329070	41	195	0.949	0.113	A>C	2	2	1	-11.0804084012131
chr12	24584056	58	77	1.00697558001525	0.156	G>A	2	2	1	-10.1923783180663
chr12	51299252	42	98	0.997221025232945	0.112	C>G	2	2	1	-11.0605655304506
chr12	92422631	41	50	0.997221025232945	0.1	G>A	2	2	1	-11.504251851379
chr13	32275000	52	203	1.00517690857418	0.167	C>T	2	2	1	-10.2530029398827
chr13	51369164	52	154	1.00517690857418	0.169	G>A	2	2	1	-10.2530029398827
chr13	112824413	60	130	1.00517690857418	0.123	C>G	2	2	1	-10.71506388711
chr14	34740470	46	75	0.997315486924137	0.16	C>A	2	2	1	-10.1923783180663
chr14	102362883	73	54	0.997315486924137	0.167	G>A	2	2	1	-10.2530029398827
chr15	51860473	49	118	0.992646658327359	0.153	G>A	2	2	1	-10.2042127757133
chr15	101849104	59	94	0.992646658327359	0.255	C>G	2	2	2	-11.2285109777543
chr16	728439	81	78	1.13244156699172	0.103	G>A	2	3	1	-10.662636632297
chr16	5000860	55	69	1.13244156699172	0.116	C>G	2	3	1	-10.2221554423176
chr16	28240567	40	66	1.13244156699172	0.106	G>A	2	3	1	-10.3933036985135
chr16	46395048	40	53	0.836715700936343	0.113	C>G	2	1	1	-12.4309704644939
chr16	46395049	40	52	0.836715700936343	0.115	G>A	2	1	1	-11.8741597274861
chr16	68822227	50	82	0.836715700936343	0.232	T>C	2	1	1	-10.8104770036044
chr17	10401009	28	234	0.987257543947805	0.124	G>T	2	2	1	-10.71506388711
chr17	21664526	50	66	1.01361439770935	0.121	T>C	2	2	1	-10.71506388711
chr17	21664542	50	65	1.01361439770935	0.138	C>T	2	2	1	-10.2922817942611
chr17	28592973	49	108	0.984965503899481	0.176	C>G	2	2	1	-10.3827621665858
chr17	58660826	53	77	0.984965503899481	0.104	G>A	2	2	1	-11.504251851379
chr17	60255190	35	71	0.984965503899481	0.141	C>G	2	2	1	-10.2922817942611
chr17	76291252	60	129	0.984965503899481	0.124	C>G	2	2	1	-10.71506388711
chr19	4284866	75	54	0.975938337927528	0.13	G>A	2	2	1	-10.4807473774593
chr19	7899995	51	92	0.975938337927528	0.13	C>G	2	2	1	-10.4807473774593
chr19	21118189	50	61	0.975938337927528	0.197	C>T	2	2	1	-10.8580640413391
chr19	41981825	58	98	0.979498278877287	0.143	G>A	2	2	1	-10.3121246650235
chr19	51891706	31	50	0.979498278877287	0.18	C>T	2	2	1	-10.4026050373483
chr20	25868008	73	41	1.01553141263169	0.171	G>A	2	2	1	-10.2530029398827
chr20	25868017	65	40	1.01553141263169	0.175	C>T	2	2	1	-10.3827621665858
chr20	30919539	48	43	0.988559402745931	0.116	G>A	2	2	1	-10.71506388711
chr20	31063165	45	42	0.988559402745931	0.119	G>C	2	2	1	-10.71506388711
chr21	42580233	70	42	0.989253059020066	0.262	C>G	2	2	2	-11.2285109777543
chr22	29354745	62	93	0.982510422881431	0.129	G>C	2	2	1	-10.4609045066969
chr22	32498114	36	92	0.982510422881431	0.152	C>G	2	2	1	-10.2042127757133
chr22	36289280	52	56	0.982510422881431	0.125	C>G	2	2	1	-10.71506388711
chr22	40777347	46	67	0.982510422881431	0.134	C>T	2	2	1	-10.4609045066969
chr22	43765307	36	66	0.982510422881431	0.121	C>G	2	2	1	-10.71506388711
chrX	48923180	62	50	1.01374157213435	0.12	C>T	2	2	1	-10.71506388711
chrX	53576899	51	100	1.01374157213435	0.21	C>A	2	2	1	-11.1589450502297
chrX	71061935	66	57	1.02132852473371	0.14	C>T	2	2	1	-10.3120441780909
chrX	100888246	30	80	1.02132852473371	0.113	T>C	2	2	1	-11.0803279142805
chrX	100888250	30	83	1.02132852473371	0.108	T>G	2	2	1	-11.0803279142805
chrX	108076210	42	50	1.02132852473371	0.16	G>A	2	2	1	-10.2121407018962
chrX	119089315	38	46	1.02132852473371	0.152	C>T	2	2	1	-10.2239751595432
