chromosome	position	GC.percent	good.reads	adjusted.ratio	F	mutation	CNn	CNt	Mt	LPP
chr1	39897569	59	98	0.981767435031371	0.143	G>A	2	2	1	-11.018457064137
chr1	112619064	64	80	0.981767435031371	0.237	G>A	2	2	1	-11.112253937566
chr1	118093284	22	55	0.981767435031371	0.109	C>A	2	2	1	-12.4113945036191
chr1	146018363	55	204	1.18266072261219	0.137	C>T	2	3	1	-10.2844753123795
chr1	152306467	53	114	1.18266072261219	0.14	C>G	2	3	1	-10.2844753123795
chr1	160353176	39	364	1.18266072261219	0.159	C>T	2	3	1	-10.1895780966209
chr1	171540146	36	61	1.18266072261219	0.115	C>A	2	3	1	-10.7022511447922
chr1	196740739	42	323	1.18266072261219	0.186	C>A	2	3	1	-10.5834191443005
chr1	241998938	36	62	1.18266072261219	0.129	C>A	2	3	1	-10.4505948945971
chr2	151513681	38	95	0.988255906940422	0.189	G>A	2	2	1	-10.2637957394798
chr2	178663097	28	57	0.988255906940422	0.123	T>C	2	2	1	-11.857674959181
chr2	207165521	60	130	0.988255906940422	0.169	G>C	2	2	1	-10.354524506466
chr2	214949102	47	271	0.988255906940422	0.203	G>A	2	2	1	-10.3150890338673
chr3	4068690	46	73	0.986777461366959	0.11	C>A	2	2	1	-12.4113945036191
chr3	49057932	46	63	0.986777461366959	0.111	C>A	2	2	1	-12.4113945036191
chr3	49417503	52	157	0.986777461366959	0.108	A>G	2	2	1	-12.4113945036191
chr3	94043207	36	137	0.983254659919215	0.321	G>T	2	2	2	-11.2175662254789
chr3	156809715	60	178	0.983254659919215	0.107	G>T	2	2	1	-12.4113945036191
chr4	43030488	48	197	0.970992567572294	0.228	G>T	2	2	1	-10.8289055384616
chr4	186606193	55	43	0.972428462080556	0.14	C>A	2	2	1	-11.0193672490329
chr5	11903874	74	44	1.17292962346906	0.136	C>A	2	3	1	-10.2844753123795
chr5	49658932	43	45	0.80658367314553	0.111	G>T	2	1	1	-15.1312088733237
chr5	84064801	43	56	1.17551310296284	0.286	G>C	2	3	2	-10.6019609821106
chr5	136163293	53	95	1.17551310296284	0.189	A>G	2	3	1	-10.5834191443005
chr5	140281554	26	160	1.17551310296284	0.263	G>A	2	3	2	-11.2072254444751
chr5	141215259	32	299	1.17551310296284	0.171	A>T	2	3	1	-10.2527058486555
chr5	180571408	40	47	1.17551310296284	0.106	C>A	2	3	1	-11.0452496579146
chr6	27309766	36	175	0.974453165796373	0.12	C>G	2	2	1	-11.8585851440769
chr6	47714868	45	44	0.974453165796373	0.114	C>T	2	2	1	-12.412304688515
chr6	52504648	60	118	0.974453165796373	0.136	T>A	2	2	1	-11.0193672490329
chr7	15390897	32	164	1.17421692788224	0.165	G>A	2	3	1	-10.1895780966209
chr7	56116228	58	43	1.17421692788224	0.116	G>A	2	3	1	-10.7022511447922
chr7	76060444	60	116	1.17445440935272	0.103	C>T	2	3	1	-11.4864328486249
chr7	116795837	36	280	1.17445440935272	0.132	A>C	2	3	1	-10.4505948945971
chr7	152445895	67	49	1.17445440935272	0.122	C>A	2	3	1	-10.7022511447922
chr8	52180281	49	103	0.976938030179386	0.126	T>G	2	2	1	-11.3962078625662
chr8	72071940	24	74	0.976938030179386	0.216	G>A	2	2	1	-10.6001099737161
chr8	90995766	40	100	0.976938030179386	0.21	T>C	2	2	1	-10.4285051973188
chr8	100713189	17	59	0.976938030179386	0.153	A>T	2	2	1	-10.7230803293876
chr9	70318644	51	126	0.976412534950735	0.103	C>A	2	2	1	-13.0642089105409
chr9	135485290	46	43	0.976412534950735	0.116	C>A	2	2	1	-11.8585851440769
chr10	41889571	40	42	0.771780250809601	0.381	A>G	2	1	1	-15.732303050947
chr10	84211682	41	66	0.777948077951547	0.227	T>A	2	1	1	-10.3291082149911
chr10	101990646	24	46	0.777948077951547	0.13	C>A	2	1	1	-13.5695582353691
chr11	65535382	60	43	0.876512890212014	0.163	C>A	2	2	1	-10.6237574089575
chr11	65868607	51	145	0.876512890212014	0.166	G>A	2	2	1	-10.4761641296764
chr11	65868632	41	92	0.876512890212014	0.174	G>A	2	2	1	-10.4761641296764
chr11	65870529	63	94	0.876512890212014	0.181	G>A	2	2	1	-10.3977054552819
chr11	66708997	50	135	0.876512890212014	0.244	C>T	2	2	1	-11.2338935607763
chr11	68348124	58	65	0.876512890212014	0.138	C>A	2	2	1	-11.1400966873473
chr11	69005633	80	57	0.876512890212014	0.158	C>A	2	2	1	-10.6237574089575
chr12	117190408	80	43	0.970902687335913	0.14	C>A	2	2	1	-11.0193672490329
chr13	23332156	59	99	0.772358219575946	0.101	A>C	2	1	1	-16.0395035922259
chr13	30906712	90	40	0.986022699285198	0.1	C>A	2	2	1	-13.063298725645
chr14	74585885	75	107	0.970066717818076	0.252	A>G	2	2	1	-11.4513167825497
chr15	39585600	40	57	0.970058498130697	0.105	C>A	2	2	1	-13.0642089105409
chr15	74433735	70	45	0.970058498130697	0.111	G>A	2	2	1	-12.412304688515
chr15	74624863	59	43	0.970058498130697	0.14	G>A	2	2	1	-11.0193672490329
chr16	2832106	58	64	0.965223425995445	0.156	A>G	2	2	1	-10.503027970643
chr16	68822081	50	111	0.770578022531374	0.261	C>T	2	1	1	-10.5401937501883
chr17	18028265	59	88	0.774064218168475	0.114	C>T	2	1	1	-15.1202846005726
chr17	18146069	63	79	0.774064218168475	0.114	C>A	2	1	1	-15.1202846005726
chr17	26620114	36	40	0.774352318507309	0.125	A>G	2	1	1	-14.2992502865071
chr17	44849356	63	52	0.970242697350793	0.115	C>A	2	2	1	-11.8585851440769
chr17	49226709	57	75	0.970242697350793	0.133	G>A	2	2	1	-11.3962078625662
chr17	53952930	57	55	0.970242697350793	0.109	C>G	2	2	1	-12.412304688515
chr17	65643810	42	49	0.970242697350793	0.102	C>A	2	2	1	-13.0642089105409
chr17	81528624	57	123	0.970242697350793	0.13	C>T	2	2	1	-11.3962078625662
chr18	662223	55	44	0.964466163489564	0.182	C>G	2	2	1	-10.2769760169675
chr18	32770032	51	122	0.899301171089256	0.131	T>A	2	2	1	-11.5169373008806
chr18	49802860	36	67	0.899301171089256	0.104	C>A	2	2	1	-13.1849383488554
chr19	1399604	41	51	0.952829737143234	0.275	G>C	2	2	2	-12.6140149328704
chr19	42316735	66	77	0.959616076764663	0.104	G>A	2	2	1	-13.0642089105409
chr19	47046043	72	80	0.959616076764663	0.212	C>T	2	2	1	-10.4285051973188
chr19	53141527	45	40	0.959616076764663	0.1	C>A	2	2	1	-13.0642089105409
chr20	33100519	65	57	1.16093467266748	0.14	C>A	2	3	1	-10.2844753123795
chr20	45348391	75	43	1.16093467266748	0.116	G>A	2	3	1	-10.7022511447922
chr22	32248809	38	93	0.970566991031402	0.118	G>A	2	2	1	-11.8585851440769
chr22	40681873	70	54	0.970566991031402	0.13	C>A	2	2	1	-11.3962078625662
chr22	50808240	68	56	0.970566991031402	0.125	C>A	2	2	1	-11.8585851440769
chrX	31147479	52	75	0.994098795325022	0.173	G>T	2	2	1	-10.354524506466
chrX	40054105	39	56	0.994098795325022	0.179	C>G	2	2	1	-10.2760658320716
chrX	40647406	70	53	0.994098795325022	0.245	C>T	2	2	1	-11.112253937566
chrX	151743577	47	82	0.996030903178525	0.232	G>A	2	2	1	-10.8279953535657
