chromosome	position	GC.percent	good.reads	adjusted.ratio	F	mutation	CNn	CNt	Mt	LPP
chr1	153934811	62	56	1.1250157063205	0.107	G>C	2	4	1	-10.7532018863756
chr1	158700017	44	86	1.1250157063205	0.128	C>A	2	4	2	-10.3118775448929
chr1	225231154	32	105	1.1250157063205	0.2	C>T	2	4	3	-10.5207388647275
chr2	8730939	45	126	0.963996762198912	0.135	G>A	2	2	2	-10.7157781510356
chr2	27441770	44	45	0.963996762198912	0.111	G>A	2	2	1	-10.2658395616098
chr3	12258277	41	100	1.04723076769957	0.12	G>T	2	3	2	-10.8769372475746
chr4	25003563	59	83	0.917764864945079	0.133	G>A	2	2	1	-11.0010427875352
chr4	49108455	40	40	0.894241063081566	0.1	T>C	2	1	1	-9.99494691900089
chr4	49711683	29	40	0.894241063081566	0.1	A>T	2	1	1	-9.99494691900089
chr5	141864698	64	72	0.926001831026639	0.167	G>C	2	2	2	-10.2749080794759
chr5	141864855	60	52	0.926001831026639	0.327	G>C	2	2	2	-16.9296622953372
chr6	71887164	49	92	0.973248016512696	0.217	G>A	2	2	2	-10.8272193866155
chr8	141256581	62	111	1.03351032057008	0.189	G>A	2	3	2	-10.4764010396762
chr10	62091906	50	106	1.34966028005916	0.17	G>A	2	6	3	-10.4735068158282
chr10	99844346	62	136	0.928476227011199	0.11	C>G	2	2	1	-10.2898901061347
chr11	45869701	50	85	1.01915444332268	0.165	G>A	2	2	2	-10.3476837490196
chr11	74629277	35	83	0.978050672739239	0.108	G>C	2	2	1	-10.2658395616098
chr13	25206395	48	45	1.12214832241979	0.111	G>A	2	4	1	-10.7532018863756
chr13	28197304	44	72	1.12214832241979	0.167	C>G	2	4	2	-10.3302573840323
chr13	32275000	53	222	1.12214832241979	0.18	C>T	2	4	2	-10.5165869622238
chr14	20378131	72	109	0.984675559438015	0.202	G>A	2	2	2	-10.4260042525882
chr15	45099666	60	115	0.954376889376327	0.183	C>T	2	2	2	-10.2387361744186
chr16	57917239	68	94	0.899779528971977	0.181	C>T	2	1	1	-13.2835899808038
chr16	68822227	52	95	0.899779528971977	0.242	T>C	2	1	1	-18.6766850528304
chr17	18347692	34	40	0.892261365508051	0.175	C>T	2	1	1	-13.2835899808038
chr19	10631522	60	77	1.1243246020975	0.13	C>T	2	4	2	-10.3118775448929
chr19	16434426	50	62	1.02889376237185	0.161	G>A	2	3	2	-10.2032903665995
chr19	56647610	52	81	1.20396919062523	0.123	A>C	2	5	2	-10.2717400400628
chrX	108076210	54	60	1.03687346560268	0.217	G>A	2	3	3	-10.5259456516836
chrX	142204112	51	44	1.03687346560268	0.114	C>T	2	3	1	-10.491147732117
