chromosome	position	GC.percent	good.reads	adjusted.ratio	F	mutation	CNn	CNt	Mt	LPP
chr1	39897569	59	78	0.956822523602086	0.167	G>A	2	2	1	-11.0665735743242
chr1	112619064	61	57	0.956822523602086	0.14	G>A	2	2	1	-10.2428062113472
chr1	146018363	55	120	1.14043257327589	0.108	C>T	2	4	1	-10.1106658576472
chr1	152306467	53	90	1.14043257327589	0.1	C>G	2	4	1	-10.0153556778429
chr1	154974816	62	167	1.14043257327589	0.192	C>T	2	4	2	-10.3114117656778
chr1	160353176	36	227	1.14043257327589	0.194	C>T	2	4	2	-10.3114117656778
chr1	181757987	61	57	1.14043257327589	0.105	C>A	2	4	1	-10.0153556778429
chr1	196740739	42	321	1.14043257327589	0.109	C>A	2	4	1	-10.1106658576472
chr1	203255858	46	49	1.14043257327589	0.102	C>A	2	4	1	-10.0153556778429
chr1	240492266	52	41	1.14043257327589	0.122	C>A	2	4	1	-10.3041607150393
chr2	37138504	35	59	0.942853424908623	0.102	C>A	2	2	1	-10.304047978658
chr2	151513681	36	136	0.950905552878896	0.132	G>A	2	2	1	-10.1237468513312
chr2	207165521	60	99	0.950905552878896	0.192	G>C	2	2	2	-11.2840533898056
chr2	214949102	48	242	0.950905552878896	0.186	G>A	2	2	2	-11.2840533898056
chr3	40516309	32	61	0.961477784903167	0.115	C>A	2	2	1	-10.0902241592926
chr3	49417503	50	130	0.961477784903167	0.169	A>G	2	2	1	-11.0665735743242
chr3	94043207	36	145	0.950501284499329	0.138	G>T	2	2	1	-10.2428062113472
chr4	43030488	49	179	0.880215651327803	0.196	G>T	2	2	2	-11.0209735075194
chr4	49153266	42	47	0.751768563205375	0.106	T>A	2	1	1	-10.5936531489962
chr4	124669604	51	50	0.946108278611659	0.12	G>A	2	2	1	-10.0902241592926
chr4	143185643	77	40	0.946108278611659	0.15	C>A	2	2	1	-10.4424192652512
chr5	67152833	55	45	1.13353962993241	0.111	C>A	2	4	1	-10.1106658576472
chr5	84064801	44	43	1.13353962993241	0.116	G>C	2	4	1	-10.3041607150393
chr5	136163293	54	93	1.13353962993241	0.226	A>G	2	4	2	-10.6207481222193
chr5	140281554	26	98	1.13353962993241	0.245	G>A	2	4	2	-10.8412908918334
chr5	141215259	31	249	1.13353962993241	0.1	A>T	2	4	1	-10.0153556778429
chr5	141410454	33	63	1.13353962993241	0.206	C>T	2	4	2	-10.3477794098486
chr5	151542981	51	44	1.13353962993241	0.136	C>A	2	4	1	-10.9593716236557
chr6	75314675	45	64	0.929907363818541	0.125	C>A	2	2	1	-10.088902773288
chr7	15390897	32	200	1.13601375436331	0.135	G>A	2	4	1	-10.9593716236557
chr7	55156849	27	212	1.13601375436331	0.132	C>T	2	4	1	-10.5889978353588
chr7	76060444	53	99	1.13185973756661	0.121	C>T	2	4	1	-10.3041607150393
chr7	116795837	36	226	1.13185973756661	0.173	A>C	2	4	2	-10.5295721614362
chr7	123636829	43	55	1.13185973756661	0.109	C>A	2	4	1	-10.1106658576472
chr7	149783979	62	64	1.13185973756661	0.156	G>A	2	4	2	-10.7408812551034
chr8	69628264	44	63	0.948329300505704	0.143	G>T	2	2	1	-10.2428062113472
chr8	72071940	26	58	0.948329300505704	0.293	G>A	2	2	2	-10.8214810589073
chr8	100713189	22	51	0.948329300505704	0.157	A>T	2	2	1	-10.718266880056
chr9	131584430	74	54	0.975915938553153	0.13	G>A	2	2	1	-10.1237468513312
chr9	137018247	70	105	0.975915938553153	0.105	C>T	2	2	1	-10.304047978658
chr10	30845246	46	211	0.934192726033641	0.223	C>T	2	2	2	-10.5639423926277
chr10	73517354	45	40	2.83475271636855	0.125	C>A	2	18	3	-9.95573704826458
chr10	84211682	41	58	0.762714533560065	0.362	T>A	2	1	1	-25.120396108729
chr10	86630942	50	53	0.762714533560065	0.208	G>T	2	1	1	-12.0273465950205
chr10	86923328	44	49	0.762714533560065	0.102	C>A	2	1	1	-10.9038080773
chr10	90921089	72	74	0.762714533560065	0.108	C>A	2	1	1	-10.5936531489962
chr11	65868607	50	100	0.877768626612109	0.15	G>A	2	2	1	-10.4794439754154
chr11	65868632	43	63	0.877768626612109	0.127	G>A	2	2	1	-10.1607715614954
chr11	66708997	50	117	0.877768626612109	0.265	C>T	2	2	2	-10.4385223502698
chr12	3841641	61	49	0.945390164284122	0.163	G>T	2	2	1	-10.718266880056
chr12	42466316	51	73	0.946625266520721	0.11	C>A	2	2	1	-10.1480437301814
chr12	124912818	58	74	0.946625266520721	0.108	G>A	2	2	1	-10.1480437301814
chr13	46687966	57	46	0.94815579241655	0.109	C>A	2	2	1	-10.1480437301814
chr13	102734680	45	75	0.94815579241655	0.133	G>T	2	2	1	-10.1237468513312
chr14	74585885	75	77	0.94072645619511	0.117	A>G	2	2	1	-10.088902773288
chr14	92080900	30	67	0.94072645619511	0.104	C>A	2	2	1	-10.3027265926534
chr15	62247522	68	44	0.942809331796557	0.136	C>A	2	2	1	-10.2428062113472
chr16	68822081	50	114	0.760558779556284	0.298	C>T	2	1	1	-18.5792251831834
chr17	49226709	58	47	0.956785192008725	0.298	G>A	2	2	2	-11.0586108521962
chr18	662223	60	52	0.941842949971098	0.154	C>G	2	2	1	-10.4424192652512
chr19	10058929	61	144	0.950801637971108	0.139	A>C	2	2	1	-10.2428062113472
chr19	47046043	72	61	0.945324221754021	0.164	C>T	2	2	1	-10.718266880056
chr20	45348391	71	49	1.14100596668185	0.122	G>A	2	4	1	-10.3041607150393
chr22	11876143	31	128	0.911798454390986	0.117	A>T	2	2	1	-10.088902773288
chr22	32248809	35	72	0.961604655895729	0.125	G>A	2	2	1	-10.0902241592926
chr22	38221611	59	72	0.961604655895729	0.111	T>A	2	2	1	-10.1480437301814
chrX	40054105	46	68	0.96041292428811	0.132	C>G	2	2	1	-10.1237468513312
chrX	40647406	70	66	0.96041292428811	0.167	C>T	2	2	1	-11.0665735743242
chrX	137441712	35	58	0.959719059250912	0.103	G>T	2	2	1	-10.304047978658
chrX	151743577	39	98	0.959719059250912	0.245	G>A	2	2	2	-10.3755221537023
chrX	154421059	48	140	0.959719059250912	0.193	T>G	2	2	2	-11.2840533898056
