chromosome	position	GC.percent	good.reads	adjusted.ratio	F	mutation	CNn	CNt	Mt	LPP
chr1	158700017	44	83	1.22872713126393	0.289	C>A	2	5	2	-10.4049618088384
chr1	225231154	32	74	1.38501065440906	0.378	C>T	2	6	3	-10.4628337923459
chr1	228158365	74	72	1.38501065440906	0.236	C>T	2	6	2	-10.3574839985955
chr1	235552190	56	97	1.38501065440906	0.175	C>T	2	6	1	-11.4659767183723
chr2	8730939	45	112	0.858032624404213	0.366	G>A	2	3	2	-10.6528722595472
chr2	75691998	25	63	0.858032624404213	0.19	T>C	2	3	1	-10.2895776491417
chr2	106697714	47	43	0.856690796502256	0.419	C>A	2	3	2	-10.5684417633079
chr2	190931578	27	108	0.856690796502256	0.167	G>A	2	3	1	-10.5077380449001
chr2	216370163	69	49	0.856690796502256	0.204	C>A	2	3	1	-10.2771551291431
chr3	46143224	41	64	1.10053079277068	0.453	C>T	2	4	3	-11.0214092019594
chr3	160430638	45	55	0.997606576576364	0.182	G>T	2	4	1	-10.3157637224593
chr3	184326817	45	123	0.997606576576364	0.285	C>T	2	4	2	-11.0667522890973
chr4	25003563	52	43	0.739887630154495	0.395	G>A	2	2	2	-12.5813614174546
chr4	49149814	48	43	0.739887630154495	0.116	C>G	2	2	1	-15.4207930080353
chr4	118692061	42	43	0.704475259952457	0.116	G>T	2	2	1	-15.3168752252377
chr4	190082082	78	41	0.708540270158576	0.146	C>T	2	2	1	-13.1271767500348
chr5	131162586	33	110	1.01212554570196	0.118	C>T	2	4	1	-10.940806428
chr5	141639586	60	73	1.01212554570196	0.192	G>T	2	4	1	-10.4629213667955
chr5	141864698	50	52	1.01212554570196	0.731	G>C	2	4	4	-11.3318600395105
chr5	178991817	76	61	1.01212554570196	0.213	C>T	2	4	1	-10.9455761135948
chr6	18122291	84	48	1.01533593575426	0.146	C>T	2	4	1	-10.283584824095
chr6	71887164	46	90	0.851148410475833	0.378	G>A	2	3	2	-10.5527888009902
chr6	160437201	36	72	0.851148410475833	0.417	C>T	2	3	2	-10.5684417633079
chr7	21558958	45	123	1.10143442111496	0.236	G>T	2	4	1	-12.1198425843457
chr7	62381262	75	47	1.19443472672828	0.128	G>T	2	5	1	-10.1829159614186
chr7	75542847	49	55	1.02921122650244	0.327	C>A	2	4	2	-10.4416083952413
chr8	33389699	32	64	0.752703434155443	0.531	A>C	2	2	2	-10.7663991329829
chr8	141256581	62	106	0.984665945465657	0.613	G>A	2	4	4	-11.1940461247292
chr9	119522968	41	107	0.924333257899704	0.252	G>C	2	3	1	-11.152707674145
chr10	6489357	57	72	1.31394265168658	0.167	C>T	2	6	1	-11.0709254532881
chr10	62091906	50	127	1.62497892373743	0.315	G>A	2	7	3	-10.4714651605871
chr10	99844346	62	144	1.01544513307688	0.271	C>G	2	4	2	-11.3318600395105
chr11	45869701	50	66	1.01021231533863	0.333	G>A	2	4	2	-10.4557566244169
chr11	70171006	63	67	0.86919283830707	0.194	C>G	2	3	1	-10.2991119046096
chr11	74629277	35	77	0.86919283830707	0.377	G>C	2	3	2	-10.5623230564582
chr11	85631240	52	46	0.86919283830707	0.478	G>A	2	3	2	-11.8173538014491
chr11	133932183	60	42	0.86919283830707	0.143	A>T	2	3	1	-11.3723523011974
chr12	9695924	43	119	0.852930017254427	0.126	A>C	2	3	1	-11.8033744736488
chr13	25206395	39	41	1.16856117913734	0.366	G>A	2	5	3	-11.1816985882631
chr13	32275000	52	164	1.16856117913734	0.354	C>T	2	5	2	-11.4321158938766
chr13	52847979	73	59	1.18042013256371	0.288	C>T	2	5	2	-10.414371556394
chr13	78601634	55	75	1.18042013256371	0.213	A>G	2	5	2	-11.7965198409112
chr13	109206701	64	58	1.18042013256371	0.19	C>A	2	5	1	-11.1019097855605
chr14	20378131	70	87	0.863114727355273	0.322	G>A	2	3	2	-11.8000191401828
chr14	22998817	53	44	0.863114727355273	0.205	G>A	2	3	1	-10.2771551291431
chr15	26621394	35	151	1.00814095877328	0.298	T>C	2	4	2	-10.6821938658085
chr15	45099666	64	102	1.00814095877328	0.304	C>T	2	4	2	-10.6821938658085
chr15	77986959	66	98	1.00814095877328	0.255	G>A	2	4	2	-11.6469410861504
chr15	83263113	41	83	1.00814095877328	0.145	C>G	2	4	1	-10.4204440068122
chr15	101764666	60	58	1.00814095877328	0.103	T>C	2	4	1	-11.8275747206078
chr16	1497462	69	56	1.14356757019968	0.125	C>T	2	5	1	-10.3528090406521
chr16	26032671	52	94	1.14356757019968	0.266	C>G	2	5	2	-10.4986804040933
chr16	34582413	30	45	0.916068948341864	0.133	C>T	2	3	1	-11.8621885267948
chr16	57917239	75	64	0.708700104675026	0.609	C>T	2	2	2	-12.8994380447164
chr16	68822227	52	47	0.708700104675026	0.489	T>C	2	2	2	-10.5039670270703
chr17	7674220	64	60	0.70082884983437	0.5	C>T	2	2	2	-10.4841643997741
chr17	28163579	45	79	0.994932014187016	0.215	G>A	2	4	1	-11.2766086269202
chr17	54937136	55	52	0.994932014187016	0.269	C>T	2	4	2	-11.3318600395105
chr19	8892932	65	41	1.37728823691525	0.122	G>A	2	6	1	-10.0721860041858
chr19	8892939	54	43	1.37728823691525	0.116	C>T	2	6	1	-10.0721860041858
chr19	10631522	60	84	1.37728823691525	0.286	C>T	2	6	2	-10.8034429038005
chr19	16434426	50	68	1.16849598304941	0.221	G>A	2	5	2	-11.4344051736767
chr19	21972407	46	59	1.16849598304941	0.305	A>C	2	5	2	-10.469179792889
chr19	53050512	40	61	1.02362740669005	0.213	A>G	2	4	1	-10.9314278844193
chr20	31285470	60	115	1.08590756287628	0.174	G>A	2	4	1	-10.2461189947491
chr20	37143844	26	48	1.06806703253284	0.312	G>A	2	4	2	-10.5721573436277
chr21	31202978	40	85	1.00432989381544	0.353	C>T	2	4	2	-10.529412210225
chr21	45509386	70	40	1.00432989381544	0.1	G>A	2	4	1	-11.8275747206078
chr22	26628340	53	173	0.873512082491292	0.116	A>T	2	3	1	-12.3390018250136
chrX	53576899	54	49	0.872987907385171	0.204	C>A	2	3	1	-10.2866893846111
chrX	90113505	35	64	0.807479840276224	0.125	A>T	2	3	1	-12.3597886579668
chrX	153543121	57	56	0.807479840276224	0.411	C>T	2	3	2	-10.5331655692433
